emodb: 0.4679766297340393
dataset: 0.5483001470565796